- frame: 1
  pose:
    R:
    - [0.962264223412, 0.0237166136625, 0.271081416626]
    - [-0.00639809121931, -0.993947691571, 0.109670858407]
    - [0.272041593825, -0.107266747027, -0.956288562484]
    t: [-22.7360670182, -13.9893476077, 120.079408782]
- frame: 2
  pose:
    R:
    - [0.962352785732, 0.0236893015463, 0.270769238536]
    - [-0.00631739596999, -0.993976422333, 0.109414846748]
    - [0.271730024661, -0.107006239064, -0.956406324286]
    t: [-22.667384686, -13.8477396362, 119.96068592]
- frame: 3
  pose:
    R:
    - [0.962616115568, 0.0236078905616, 0.269838709189]
    - [-0.00609570372632, -0.99405465776, 0.108714424614]
    - [0.270800768916, -0.106295113953, -0.956749126608]
    t: [-22.4682176935, -13.4444751263, 119.618751573]
- frame: 4
  pose:
    R:
    - [0.963051431754, 0.0234726399117, 0.268292791281]
    - [-0.00576359360503, -0.994170563495, 0.107667627486]
    - [0.269255864903, -0.10523579342, -0.957302097825]
    t: [-22.1487987161, -12.8118242135, 119.074569383]
- frame: 5
  pose:
    R:
    - [0.963656600747, 0.0232832088424, 0.266127589985]
    - [-0.00535181974903, -0.994312494518, 0.106370426406]
    - [0.267090460074, -0.103928830422, -0.95805119101]
    t: [-21.7192498418, -11.9820118014, 118.348835436]
- frame: 6
  pose:
    R:
    - [0.964429740326, 0.0230387577536, 0.263333508655]
    - [-0.00489146202265, -0.99446901923, 0.104919444039]
    - [0.264294058908, -0.102475518027, -0.958982804769]
    t: [-21.1896067585, -10.9872667994, 117.46224366]
- frame: 7
  pose:
    R:
    - [0.96536884239, 0.0227380296275, 0.259896179549]
    - [-0.00441402166952, -0.994628865933, 0.10341461122]
    - [0.260851518215, -0.100980430888, -0.960083350758]
    t: [-20.5698200639, -9.85989700116, 116.435713283]
- frame: 8
  pose:
    R:
    - [0.966471295999, 0.0223794536233, 0.255797647922]
    - [-0.00395125097006, -0.994780858074, 0.101961161116]
    - [0.25674427282, -0.0995532562295, -0.9613387183]
    t: [-19.8697739754, -8.63229833758, 115.290590528]
- frame: 9
  pose:
    R:
    - [0.967733420985, 0.0219612412398, 0.251017471165]
    - [-0.00353486650896, -0.994913746595, 0.100671683748]
    - [0.251951444979, -0.0983106661615, -0.962733653521]
    t: [-19.0992976036, -7.33702835485, 114.0488049]
- frame: 10
  pose:
    R:
    - [0.969149985887, 0.0214814885378, 0.245533887213]
    - [-0.00319597075043, -0.995015969215, 0.0996677135898]
    - [0.246450990311, -0.0973776823408, -0.964251058314]
    t: [-18.2681814765, -6.00680182033, 112.733011225]
- frame: 11
  pose:
    R:
    - [0.970713629124, 0.0209383198248, 0.239325456858]
    - [-0.00296423185163, -0.995075272467, 0.0990810870441]
    - [0.240221280411, -0.0968887777243, -0.965871062954]
    t: [-17.3862015574, -4.67453196289, 111.366683952]
- frame: 12
  pose:
    R:
    - [0.972414353694, 0.0203300267061, 0.23237265311]
    - [-0.00286674539512, -0.995078172902, 0.0990548229066]
    - [0.233242591526, -0.0969884848302, -0.967570017366]
    t: [-16.4631344207, -3.37335121768, 109.974162569]
- frame: 13
  pose:
    R:
    - [0.974239014104, 0.0196552419912, 0.224659848954]
    - [-0.00292656719962, -0.995009219418, 0.0997433448017]
    - [0.225498954768, -0.0978313400481, -0.969319278564]
    t: [-15.508781289, -2.13659471562, 108.580653645]
- frame: 14
  pose:
    R:
    - [0.976170839447, 0.0189131516644, 0.216177740171]
    - [-0.00316098147421, -0.994850000826, 0.101312044733]
    - [0.216980414807, -0.0995811975853, -0.971083776307]
    t: [-14.5330098997, -0.997833556367, 107.212138758]
- frame: 15
  pose:
    R:
    - [0.978189087512, 0.0181037318683, 0.20692605407]
    - [-0.00357945388344, -0.994577926324, 0.103935471964]
    - [0.207685571435, -0.102409226749, -0.972820472737]
    t: [-13.5457752673, 0.00916923652278, 105.895215625]
- frame: 16
  pose:
    R:
    - [0.980268935717, 0.0172279908863, 0.196916315354]
    - [-0.00418156986675, -0.994164711291, 0.107794655003]
    - [0.1976242094, -0.106491171066, -0.974476743417]
    t: [-12.5571571669, 0.850468808548, 104.656820382]
- frame: 17
  pose:
    R:
    - [0.982381572722, 0.0162882522076, 0.186175081555]
    - [-0.00495498737371, -0.993574706899, 0.11307252653]
    - [0.186820485164, -0.112002861623, -0.975988775096]
    t: [-11.5773975734, 1.49198362333, 103.523828124]
- frame: 18
  pose:
    R:
    - [0.984494689169, 0.0152884162715, 0.174746934779]
    - [-0.00587373598101, -0.992763196269, 0.11994741222]
    - [0.175316018161, -0.119114007669, -0.977280294208]
    t: [-10.6169257555, 1.89959375007, 102.522547125]
- frame: 19
  pose:
    R:
    - [0.986573340161, 0.0142342170817, 0.162697414816]
    - [-0.00689736219261, -0.991674810707, 0.128585156738]
    - [0.163173131606, -0.127980870576, -0.978261751802]
    t: [-9.68639127973, 2.03926177571, 101.678056692]
- frame: 20
  pose:
    R:
    - [0.988679514125, 0.0130771234568, 0.149471809193]
    - [-0.00779588477782, -0.990372255383, 0.138212395498]
    - [0.149840056495, -0.137813029029, -0.979058812507]
    t: [-8.73083323769, 1.97198901783, 101.017369565]
- frame: 21
  pose:
    R:
    - [0.990844875209, 0.011766522651, 0.134491613111]
    - [-0.00830777159477, -0.988992852034, 0.147732074627]
    - [0.134749449731, -0.147496894652, -0.979840745474]
    t: [-7.69250945152, 1.78728679156, 100.563386084]
- frame: 22
  pose:
    R:
    - [0.992979563812, 0.0103093375841, 0.117835955696]
    - [-0.00835266528086, -0.987596966893, 0.156790019717]
    - [0.117990757414, -0.156673529685, -0.980577494961]
    t: [-6.57834150528, 1.49467782776, 100.333301367]
- frame: 23
  pose:
    R:
    - [0.994949932879, 0.00874806227067, 0.0999905444689]
    - [-0.00799019509678, -0.986130470853, 0.165781475316]
    - [0.100053924696, -0.165743211697, -0.98108054706]
    t: [-5.39584135329, 1.10426123577, 100.224776643]
- frame: 24
  pose:
    R:
    - [0.996655027058, 0.00712270754348, 0.0814127041314]
    - [-0.00728301386887, -0.984490103939, 0.175290727882]
    - [0.0813984935292, -0.175297314994, -0.981145136402]
    t: [-4.15337660305, 0.625863328409, 100.120769914]
- frame: 25
  pose:
    R:
    - [0.998050242467, 0.00543989849405, 0.0621781596251]
    - [-0.0061834956144, -0.982676544265, 0.185227481948]
    - [0.0621085975847, -0.185250811647, -0.980726925682]
    t: [-2.85976724532, 0.0695416664332, 100.016610337]
- frame: 26
  pose:
    R:
    - [0.999095181885, 0.00370676172422, 0.0423683681658]
    - [-0.00465184910469, -0.980693819815, 0.19549587828]
    - [0.0422750261298, -0.195516081324, -0.979789226985]
    t: [-1.52420745238, -0.554277093807, 99.908132416]
- frame: 27
  pose:
    R:
    - [0.999754568599, 0.001930859628, 0.0220697680838]
    - [-0.0026574830618, -0.978549644873, 0.205995574367]
    - [0.0219940980428, -0.206003666619, -0.978304346836]
    t: [-0.156211933777, -1.23485458782, 99.7918161973]
- frame: 28
  pose:
    R:
    - [0.999999049674, 0.000120156866692, 0.00137339563329]
    - [-0.000180205897993, -0.976255555718, 0.216623414748]
    - [0.00136681302451, -0.216623456379, -0.976254606303]
    t: [1.23440743229, -1.96127757477, 99.6649172691]
- frame: 29
  pose:
    R:
    - [0.999805912549, -0.00171707767918, -0.0196262356993]
    - [0.00278895665096, -0.973826945897, 0.227275048171]
    - [-0.0195027934769, -0.227285673657, -0.973633149452]
    t: [2.63763860754, -2.72257347494, 99.5255647803]
- frame: 30
  pose:
    R:
    - [0.999159640012, -0.00357234760557, -0.0408320118286]
    - [0.0062472504886, -0.971282915158, 0.237846835001]
    - [-0.0405090808686, -0.237902045843, -0.970444370508]
    t: [4.04333073392, -3.50786167194, 99.3728394642]
- frame: 31
  pose:
    R:
    - [0.998052289549, -0.00543704481084, -0.0621455419631]
    - [0.0101801198825, -0.968645975687, 0.248237759495]
    - [-0.0615466691702, -0.248386913283, -0.966703984028]
    t: [5.44129297195, -4.30649926154, 99.206802128]
- frame: 32
  pose:
    R:
    - [0.996483708862, -0.00730251720162, -0.083467932485]
    - [0.0145614631594, -0.965941537929, 0.258351611797]
    - [-0.0825117068292, -0.258658587538, -0.962438670924]
    t: [6.8213713465, -5.1082520722, 99.0285028455]
- frame: 33
  pose:
    R:
    - [0.99446149147, -0.00916023325048, -0.104701667848]
    - [0.0193543745255, -0.963197550563, 0.268097991217]
    - [-0.103304163373, -0.268639563499, -0.957685582128]
    t: [8.17356642263, -5.90339070047, 98.8399430121]
- frame: 34
  pose:
    R:
    - [0.992000822583, -0.0110018244674, -0.125751096027]
    - [0.024512129597, -0.960443608488, 0.277394802383]
    - [-0.123828605326, -0.278258299307, -0.952491171518]
    t: [9.48809546842, -6.68284763656, 98.6440221138]
- frame: 35
  pose:
    R:
    - [0.989124053937, -0.0128192243253, -0.146524016439]
    - [0.029979481909, -0.957710545429, 0.28616846021]
    - [-0.143995960315, -0.287448821572, -0.946910223489]
    t: [10.7554832682, -7.43826483972, 98.4444414624]
- frame: 36
  pose:
    R:
    - [0.985860138705, -0.0146047522481, -0.16693263993]
    - [0.0356942184877, -0.955029606285, 0.294355260566]
    - [-0.163724493217, -0.296151648133, -0.941004314902]
    t: [11.9666440455, -8.16207794908, 98.245601796]
- frame: 37
  pose:
    R:
    - [0.982243982375, -0.0163511622497, -0.186894144721]
    - [0.0415887078872, -0.952431842128, 0.301901657366]
    - [-0.182940259277, -0.304313772208, -0.934840421842]
    t: [13.1129101625, -8.84752828888, 98.0524729759]
- frame: 38
  pose:
    R:
    - [0.978315601596, -0.0180517274233, -0.206331642119]
    - [0.0475915792445, -0.949947577749, 0.308764126818]
    - [-0.201577839207, -0.311888411176, -0.928489425794]
    t: [14.1860899267, -9.48863759352, 97.8704699414]
- frame: 39
  pose:
    R:
    - [0.97411923686, -0.0197002854755, -0.225174696971]
    - [0.0536293589281, -0.947605868507, 0.314908961978]
    - [-0.219580518811, -0.318834852368, -0.922024591793]
    t: [15.1784978751, -10.0801708579, 97.7053145788]
- frame: 40
  pose:
    R:
    - [0.969702524332, -0.0212912340283, -0.243359273978]
    - [0.0596278389991, -0.945434152433, 0.320311455138]
    - [-0.23689984196, -0.325117814227, -0.915520333929]
    t: [16.0829334687, -10.6175666329, 97.5629043829]
- frame: 41
  pose:
    R:
    - [0.965115582321, -0.0228195501508, -0.260827960927]
    - [0.0655134386194, -0.943457916258, 0.32495506335]
    - [-0.253495369033, -0.330706931802, -0.909050949047]
    t: [16.8926824056, -11.0968286524, 97.4491869744]
- frame: 42
  pose:
    R:
    - [0.960410087988, -0.0242808017392, -0.277530098772]
    - [0.0712143402477, -0.941700538903, 0.328830132219]
    - [-0.269334328734, -0.335575899101, -0.90268955615]
    t: [17.6014960864, -11.5143991391, 97.3700537553]
- frame: 43
  pose:
    R:
    - [0.955638580437, -0.0256710898008, -0.293421121944]
    - [0.0766612940641, -0.940183159939, 0.33193269547]
    - [-0.284390487837, -0.339701732813, -0.896507321351]
    t: [18.2035340268, -11.867052694, 97.3312258458]
- frame: 44
  pose:
    R:
    - [0.950853677022, -0.0269870338432, -0.308462391337]
    - [0.0817882754278, -0.938924730496, 0.334262876345]
    - [-0.298643538179, -0.343063692086, -0.890572809482]
    t: [18.6933217275, -12.1517101847, 97.3381693039]
- frame: 45
  pose:
    R:
    - [0.946107503725, -0.0282257086255, -0.322620471387]
    - [0.0865329686356, -0.937941943224, 0.335823760329]
    - [-0.31207793375, -0.345642686708, -0.884951456184]
    t: [19.0656722351, -12.3653298408, 97.3960109922]
- frame: 46
  pose:
    R:
    - [0.941451110775, -0.0293846044938, -0.335866676691]
    - [0.0908369313135, -0.937249470681, 0.336619551788]
    - [-0.32468208748, -0.34741994918, -0.879705347945]
    t: [19.3156282505, -12.5047321785, 97.5094635478]
- frame: 47
  pose:
    R:
    - [0.936934079082, -0.0304615558357, -0.348176254254]
    - [0.0946457102077, -0.936859998606, 0.336654382301]
    - [-0.336447203872, -0.348376352511, -0.874893004437]
    t: [19.4383802153, -12.5664454938, 97.682763682]
- frame: 48
  pose:
    R:
    - [0.932604262329, -0.0314546583453, -0.359527437816]
    - [0.0979086889077, -0.936784394794, 0.335930835846]
    - [-0.347366058391, -0.348491389421, -0.870569435109]
    t: [19.4291639681, -12.5465777695, 97.9196018978]
- frame: 49
  pose:
    R:
    - [0.928712223269, -0.0323175583694, -0.3693904041]
    - [0.100532160201, -0.936937347617, 0.334727249017]
    - [-0.356913002166, -0.348000902905, -0.866896213214]
    t: [19.2291521731, -12.4688301046, 98.2300869621]
- frame: 50
  pose:
    R:
    - [0.925455706876, -0.0330195581083, -0.377414276581]
    - [0.102505711713, -0.937214564251, 0.333349785049]
    - [-0.364724983621, -0.347187579991, -0.863965873748]
    t: [18.7967503279, -12.3610502005, 98.6189847929]
- frame: 51
  pose:
    R:
    - [0.92279123641, -0.0335812343974, -0.383834248938]
    - [0.103905021912, -0.937599056721, 0.33183187707]
    - [-0.37102571397, -0.346093854169, -0.861718933912]
    t: [18.1519116955, -12.2243593317, 99.0809567326]
- frame: 52
  pose:
    R:
    - [0.920130091006, -0.034131408591, -0.390122752092]
    - [0.105052777122, -0.93816911378, 0.329853402583]
    - [-0.377259234008, -0.344491519863, -0.859652032782]
    t: [17.3046199353, -12.0550700986, 99.6473049161]
- frame: 53
  pose:
    R:
    - [0.916966858557, -0.0347720525359, -0.397445326496]
    - [0.106181601691, -0.938995606255, 0.327128962291]
    - [-0.384574112195, -0.342167798247, -0.857335699034]
    t: [16.2675883251, -11.8514547742, 100.350142375]
- frame: 54
  pose:
    R:
    - [0.913376599548, -0.0354825753297, -0.405566617681]
    - [0.107230464359, -0.940051075974, 0.323737920242]
    - [-0.39274013662, -0.339183737478, -0.854815842145]
    t: [15.0639308787, -11.6166179337, 101.184398846]
- frame: 55
  pose:
    R:
    - [0.909438242307, -0.0362428648804, -0.414256743994]
    - [0.108141188836, -0.941306835592, 0.319761729021]
    - [-0.401531526416, -0.335601761577, -0.852141087538]
    t: [13.7166824285, -11.3531173368, 102.143623238]
- frame: 56
  pose:
    R:
    - [0.905235451317, -0.0370334836075, -0.423293533462]
    - [0.108860725357, -0.942733503627, 0.31528324141]
    - [-0.410728767137, -0.331485608422, -0.84936429674]
    t: [12.2485544644, -11.0629277046, 103.219277017]
- frame: 57
  pose:
    R:
    - [0.900856835606, -0.0378358402243, -0.432464487267]
    - [0.109343027976, -0.944301476557, 0.310385989113]
    - [-0.420120297028, -0.326900316499, -0.846543354694]
    t: [10.6817199604, -10.7474078974, 104.400214963]
- frame: 58
  pose:
    R:
    - [0.896395758461, -0.0386322982904, -0.441568020508]
    - [0.109550288939, -0.945981431857, 0.305153245729]
    - [-0.429503641902, -0.321911979385, -0.843741563659]
    t: [9.03762433788, -10.4073634653, 105.672359953]
- frame: 59
  pose:
    R:
    - [0.891949856943, -0.0394062196978, -0.450413959244]
    - [0.109453348097, -0.947744980178, 0.299666574305]
    - [-0.438686012189, -0.316586873951, -0.841027856806]
    t: [7.33679742161, -10.0431262766, 107.018517367]
- frame: 60
  pose:
    R:
    - [0.887620253489, -0.040141965056, -0.458823544896]
    - [0.109031903673, -0.94956504232, 0.294004954145]
    - [-0.447484446186, -0.310991156476, -0.838476408701]
    t: [5.59871947042, -9.65467171394, 108.418381852]
- frame: 61
  pose:
    R:
    - [0.883510723122, -0.0408248232742, -0.466628629373]
    - [0.108274222036, -0.951416174582, 0.288243984101]
    - [-0.455725240656, -0.305190502654, -0.836166116415]
    t: [3.84172379813, -9.241776525, 109.848646819]
- frame: 62
  pose:
    R:
    - [0.879726719151, -0.0414409045631, -0.473670452077]
    - [0.107176090789, -0.953275103733, 0.282454423055]
    - [-0.463243116706, -0.29924885028, -0.834180105305]
    t: [2.08296676281, -8.80414161387, 111.2832359]
- frame: 63
  pose:
    R:
    - [0.876374597256, -0.0419769540867, -0.47979750994]
    - [0.10573996787, -0.955120771362, 0.276702024644]
    - [-0.469879372264, -0.293228398693, -0.832604939556]
    t: [0.338407212198, -8.34156642541, 112.693639355]
- frame: 64
  pose:
    R:
    - [0.873560814833, -0.0424201335754, -0.484863061259]
    - [0.103973564455, -0.956934568245, 0.271046802906]
    - [-0.475479758437, -0.287188806756, -0.831529968685]
    t: [-1.37712079934, -7.85404268015, 114.049326932]
- frame: 65
  pose:
    R:
    - [0.871391272596, -0.0427577467364, -0.488721987128]
    - [0.101888546952, -0.958700301397, 0.265543020531]
    - [-0.479891627395, -0.281187043722, -0.831046550986]
    t: [-3.04980499008, -7.34188565934, 115.318212129]
- frame: 66
  pose:
    R:
    - [0.869970644024, -0.0429769301328, -0.491227258177]
    - [0.0994989238198, -0.960404256497, 0.260238867628]
    - [-0.482960705125, -0.27527675881, -0.831247351251]
    t: [-4.66668650375, -6.80581895408, 116.467191799]
- frame: 67
  pose:
    R:
    - [0.869401846604, -0.0430642751852, -0.49222561405]
    - [0.0968196263627, -0.962035030749, 0.25517680119]
    - [-0.484526974556, -0.269508282203, -0.832225565198]
    t: [-6.21547142595, -6.24701938175, 117.462737001]
- frame: 68
  pose:
    R:
    - [0.869785371204, -0.0430054065533, -0.49155274429]
    - [0.0938649781518, -0.963583404689, 0.250393747429]
    - [-0.484420038723, -0.263928406158, -0.834074047786]
    t: [-7.68425826665, -5.66716098085, 118.271522748]
- frame: 69
  pose:
    R:
    - [0.871218253286, -0.042784520442, -0.489028011172]
    - [0.0906473171662, -0.965042128469, 0.245921522485]
    - [-0.482453955348, -0.258580396496, -0.836884015518]
    t: [-9.06125462684, -5.06844215381, 118.861168516]
- frame: 70
  pose:
    R:
    - [0.873792528622, -0.0423838666402, -0.484448529391]
    - [0.0871754777023, -0.966405782568, 0.241786974328]
    - [-0.478421417803, -0.253503683658, -0.840743318604]
    t: [-10.334384308, -4.45355124105, 119.201050841]
- frame: 71
  pose:
    R:
    - [0.877593159782, -0.0417831214319, -0.477581998427]
    - [0.0834532044168, -0.967670621349, 0.238012128071]
    - [-0.472086653674, -0.248733563681, -0.845734182844]
    t: [-11.4909391602, -3.82568603713, 119.263237366]
- frame: 72
  pose:
    R:
    - [0.881433507573, -0.0411644875687, -0.470510999742]
    - [0.079594570451, -0.969000942452, 0.233885698896]
    - [-0.465553086213, -0.243604812866, -0.850833429841]
    t: [-12.4964904495, -3.18976615508, 119.015199694]
- frame: 73
  pose:
    R:
    - [0.884075059146, -0.0407319152972, -0.465566689149]
    - [0.0757263742754, -0.970545030612, 0.22871052107]
    - [-0.461168956062, -0.237452944794, -0.854950175079]
    t: [-13.3097424821, -2.55162539468, 118.460771416]
- frame: 74
  pose:
    R:
    - [0.885494379256, -0.0404970430723, -0.462882094444]
    - [0.0718561765599, -0.972275788645, 0.222524434003]
    - [-0.459060338295, -0.230305073062, -0.858034783255]
    t: [-13.9074486604, -1.91638506136, 117.629772763]
- frame: 75
  pose:
    R:
    - [0.88563610595, -0.0404734942186, -0.462612930527]
    - [0.0679770868978, -0.974165007661, 0.215365496029]
    - [-0.459377626246, -0.222182538637, -0.860004433704]
    t: [-14.2672074968, -1.28936893884, 116.552361949]
- frame: 76
  pose:
    R:
    - [0.884410932527, -0.0406764907007, -0.46493318479]
    - [0.0640670450005, -0.976182804314, 0.207275637772]
    - [-0.462290726893, -0.213103735364, -0.86074072172]
    t: [-14.3677411664, -0.676053301529, 115.258524127]
- frame: 77
  pose:
    R:
    - [0.881528762389, -0.0411489903561, -0.470333866261]
    - [0.0599392452692, -0.978380272964, 0.197939314917]
    - [-0.46831007672, -0.202680656275, -0.860003911746]
    t: [-14.150091823, -0.0370478702056, 113.782378589]
- frame: 78
  pose:
    R:
    - [0.876781263477, -0.0419123966355, -0.479059616851]
    - [0.055334559042, -0.980784937539, 0.187081899859]
    - [-0.477695198418, -0.190538457185, -0.857614652748]
    t: [-13.5904778207, 0.664688788162, 112.151120889]
- frame: 79
  pose:
    R:
    - [0.870153804453, -0.04294875386, -0.490905202758]
    - [0.0500954646881, -0.983324316148, 0.174826709711]
    - [-0.490227295255, -0.176718250825, -0.853491856925]
    t: [-12.7236323551, 1.41956037518, 110.381898275]
- frame: 80
  pose:
    R:
    - [0.861612855604, -0.0442374259623, -0.505634753276]
    - [0.0440522972856, -0.985918310563, 0.161323045802]
    - [-0.505650751174, -0.161272382637, -0.847531130716]
    t: [-11.587023077, 2.2168792084, 108.489833058]
- frame: 81
  pose:
    R:
    - [0.851118020944, -0.0457546682891, -0.522976866495]
    - [0.0370353372747, -0.988479766009, 0.146754153122]
    - [-0.52366639974, -0.144273729008, -0.839618402617]
    t: [-10.2206189601, 3.04431333804, 106.488814667]
- frame: 82
  pose:
    R:
    - [0.838635219639, -0.047473303441, -0.542620904142]
    - [0.0288885165755, -0.990916408327, 0.131342191014]
    - [-0.543926853531, -0.125823700192, -0.829645966427]
    t: [-8.66658941959, 3.88753740875, 104.392371325]
- frame: 83
  pose:
    R:
    - [0.824150789098, -0.0493625821859, -0.564215401816]
    - [0.0194855154936, -0.993134011157, 0.115350755027]
    - [-0.566035150424, -0.106060443732, -0.817530323615]
    t: [-6.96886092209, 4.73011243321, 102.214564604]
- frame: 84
  pose:
    R:
    - [0.807685996445, -0.0513882989043, -0.587369388533]
    - [0.0087459642479, -0.995041205132, 0.0990815548476]
    - [-0.589547995719, -0.0851638960288, -0.803231407045]
    t: [-5.17248857649, 5.55375458485, 99.9708552603]
- frame: 85
  pose:
    R:
    - [0.789310442334, -0.0535132889987, -0.611658072124]
    - [-0.00334911065825, -0.996555421009, 0.0828656905449]
    - [-0.613985186369, -0.0633582442897, -0.786770822093]
    t: [-3.32272139963, 6.33898540294, 97.6788376498]
- frame: 86
  pose:
    R:
    - [0.769153650159, -0.0556982528704, -0.636632257311]
    - [-0.0167455626691, -0.997609513525, 0.0670484215715]
    - [-0.638844463526, -0.0409097728271, -0.768247697345]
    t: [-1.46387370252, 7.06620994783, 95.3587265993]
- frame: 87
  pose:
    R:
    - [0.747412600613, -0.0579029729406, -0.661832256283]
    - [-0.0313097942257, -0.998158069985, 0.0519693162999]
    - [-0.663621956561, -0.0181206900917, -0.747848849079]
    t: [0.362073824538, 7.71709447559, 93.0335114569]
- frame: 88
  pose:
    R:
    - [0.724354584356, -0.0600877532001, -0.686804342779]
    - [-0.0468303709897, -0.998182442023, 0.0379390792439]
    - [-0.687835265507, 0.00468195619309, -0.725851959677]
    t: [2.11692275851, 8.27608591329, 90.7286550439]
- frame: 89
  pose:
    R:
    - [0.700314009638, -0.0622149959757, -0.711118774566]
    - [-0.0630275229864, -0.997693474474, 0.0252171792827]
    - [-0.711046988075, 0.0271601109748, -0.702619974588]
    t: [3.76770347548, 8.73184481407, 88.4713683249]
- frame: 90
  pose:
    R:
    - [0.675684160283, -0.0642506391938, -0.734386221393]
    - [-0.0795702949239, -0.996731362377, 0.013992915686]
    - [-0.732884359028, 0.0489805367391, -0.678588035925]
    t: [5.28785219648, 9.07838412671, 86.2895523552]
- frame: 91
  pose:
    R:
    - [0.650903542978, -0.0661653875427, -0.756271837201]
    - [-0.0960981167664, -0.99536257755, 0.00437396372482]
    - [-0.753053603465, 0.0698292708331, -0.654243397414]
    t: [6.65805104915, 9.31566517939, 84.2105287661]
- frame: 92
  pose:
    R:
    - [0.626439862013, -0.0679354659847, -0.776503872788]
    - [-0.112244026449, -0.993674411287, -0.00361678005622]
    - [-0.771345822448, 0.0894236164339, -0.630102611333]
    t: [7.8665630468, 9.44960411197, 82.2598129258]
- frame: 93
  pose:
    R:
    - [0.602772721711, -0.0695428994418, -0.794876872613]
    - [-0.127656405652, -0.991767994822, -0.0100360535777]
    - [-0.78763499672, 0.107520583824, -0.606688290125]
    t: [8.90901864357, 9.49154650099, 80.4600671238]
- frame: 94
  pose:
    R:
    - [0.580378243499, -0.0709752302392, -0.81124844518]
    - [-0.142014746087, -0.989751095625, -0.0150071292466]
    - [-0.801868384691, 0.123919053268, -0.584509531681]
    t: [9.78768810958, 9.45721243912, 78.8304961469]
- frame: 95
  pose:
    R:
    - [0.559715839744, -0.0722248356529, -0.825531462588]
    - [-0.155040205499, -0.987731425862, -0.0187028304832]
    - [-0.814052033606, 0.138458838075, -0.56404667783]
    t: [10.5103221014, 9.36545003933, 77.386620095]
- frame: 96
  pose:
    R:
    - [0.541220517493, -0.0732877982795, -0.837681148826]
    - [-0.166497771518, -0.985811511523, -0.0213256716285]
    - [-0.824232275226, 0.151013935557, -0.54574367151]
    t: [11.0886371509, 9.23682760021, 76.140636095]
- frame: 97
  pose:
    R:
    - [0.525298081281, -0.0741626339478, -0.847680539787]
    - [-0.17619382577, -0.984084988792, -0.0230888910597]
    - [-0.832476823439, 0.161484627508, -0.530004954634]
    t: [11.5366025891, 9.09232672526, 75.1020600375]
- frame: 98
  pose:
    R:
    - [0.512325896781, -0.0748487982304, -0.855523412653]
    - [-0.183967752688, -0.982634681658, -0.0241986127641]
    - [-0.838855196955, 0.169786295583, -0.51719895969]
    t: [11.8685943353, 8.95214326824, 74.2788252177]
- frame: 99
  pose:
    R:
    - [0.502656057956, -0.0753451843212, -0.861197116605]
    - [-0.18968141586, -0.98153177756, -0.0248385430943]
    - [-0.843420326929, 0.17583833257, -0.507664475307]
    t: [12.097482782, 8.83470227684, 73.6785161392]
- frame: 100
  pose:
    R:
    - [0.496620992547, -0.0756485758671, -0.864664888658]
    - [-0.193206530235, -0.980835881693, -0.0251561541428]
    - [-0.846190774256, 0.179551977193, -0.501719487952]
    t: [12.2326750158, 8.7557271472, 73.3097836012]
- frame: 101
  pose:
    R:
    - [0.494539917617, -0.075752065953, -0.86584778262]
    - [-0.194412453545, -0.980595154194, -0.0252500180161]
    - [-0.847132851323, 0.180818733645, -0.499670591774]
    t: [12.2780743251, 8.72740326519, 73.1837927034]
